r4-sync endurance test (thread-exhaustion patch) 17:26:21
time     pid   VmSize_GB VmRSS_MB frames  fails
17:26:43  28510  21.94  295.6  ?  10186
17:26:56  28510  21.94  296  ?  10186
17:27:09  28510  22.08  359  ?  9541
17:27:22  28510  22.12  442.6  ?  9541
17:27:35  28510  22.17  516.7  360  9541
17:27:48  28510  22.17  541.8  480  9541
17:28:01  28510  22.17  541.8  1320  7424
17:28:14  28510  22.17  541.8  2040  7424
17:28:27  28510  22.18  561.3  2520  7424
17:28:40  28510  22.19  586.7  2760  7424
17:28:52  28510  22.19  586.8  3120  7424
17:29:05  28510  22.19  587.1  3480  6504
17:29:18  28510  22.19  592.8  3720  6504
17:29:31  28510  22.19  593.4  4320  6504
17:29:43  28510  22.19  596.5  4680  6504
17:29:56  28510  22.19  594.9  5040  6504
17:30:09  28510  22.25  646.4  5280  4770
17:30:22  28510  22.25  643.7  5520  4770
17:30:35  28510  22.24  642.7  5880  4770
17:30:47  28510  22.24  645  6240  4770
17:31:00  28510  22.26  669.5  6360  4072
17:31:13  28510  22.25  661.4  6840  4072
17:31:26  28510  22.25  662  7200  4072
17:31:39  28510  22.25  662.4  7440  4072
17:31:52  28510  22.25  664  7800  3883
17:32:04  28510  22.25  663.9  8160  3883
17:32:17  28510  22.25  664.4  8400  3883
17:32:30  28510  22.25  665.7  8760  3883
17:32:43  28510  22.25  665.1  9120  3883
17:32:56  28510  22.25  665.3  9360  3883
17:33:08  28510  22.25  665.4  9720  3883
17:33:21  28510  22.25  665.7  9960  3883
17:33:34  28510  22.25  665.7  10320  3883
17:33:47  28510  22.25  665.8  10560  3883
17:34:00  28510  22.25  666.1  10920  3883
17:34:13  28510  22.26  667.6  11400  3883
17:34:25  28510  22.25  669.2  11640  3883
17:34:38  28510  22.25  668.9  11880  3883
17:34:51  28510  22.25  669  12240  3883
17:35:04  28510  22.25  670.6  12600  3883
17:35:17  28510  22.26  670.1  13080  3883
17:35:30  28510  22.25  670.4  13560  3883
17:35:42  28510  22.26  670.7  13920  3883
17:35:55  28510  22.26  671.3  14280  3883
17:36:08  28510  22.26  671.6  14640  3883
17:36:21  28510  22.26  671.8  15000  3883
17:36:34  28510  22.26  672  15480  3883
17:36:47  28510  22.26  672.3  15840  3150
17:37:00  28510  22.26  672.7  16200  3150
17:37:13  28510  22.25  665.6  16320  3150
17:37:26  28510  22.25  665.7  16560  2275
17:37:38  28510  22.25  665.4  16920  2275
17:37:51  28510  22.25  665.9  17400  2275
17:38:04  28510  22.25  666.7  17760  1443
17:38:17  28510  22.25  667.1  18120  1443
