DH2Work guest memory watch 17:16:55
time     pid   VmPeak_GB VmSize_GB VmRSS_MB VmSwap_MB frames
17:17:16  18939  22.07  21.95  296.9  29.8  ?
17:17:28  18939  22.23  22.09  382.3  29.8  ?
17:17:40  18939  22.23  22.14  476.6  29.8  120
17:17:53  18939  22.29  22.18  546.4  29.8  240
17:18:05  18939  22.37  22.18  566.3  29.8  360
17:18:17  18939  22.37  22.18  565.1  29.8  600
17:18:29  18939  22.37  22.19  585.8  29.8  720
17:18:41  18939  22.37  22.19  594.3  29.8  840
17:18:53  18939  22.37  22.19  596.3  29.8  1200
17:19:06  18939  22.37  22.24  600.1  29.8  1560
17:19:18  18939  22.37  22.3  663.2  29.8  2040
17:19:30  18939  22.37  22.25  667.4  29.8  2400
17:19:42  18939  22.37  22.25  671  29.8  2880
17:19:54  18939  22.37  22.25  673.9  29.8  3360
17:20:06  18939  22.37  22.25  677  29.8  3840
17:20:18  18939  22.37  22.25  678.4  29.8  4080
17:20:31  18939  22.37  22.25  679.4  29.8  4320
17:20:43  18939  22.37  22.25  680.4  29.8  4680
17:20:55  18939  22.37  22.25  680.8  29.8  4920
17:21:07  18939  22.37  22.25  681.2  29.8  5280
17:21:19  18939  22.37  22.25  681.2  29.8  5520
17:21:31  18939  22.37  22.25  681.3  29.8  5760
17:21:43  18939  22.37  22.25  681.6  29.8  6120
17:21:56  18939  22.37  22.25  682.4  29.8  6480
17:22:08  18939  22.37  22.25  682.4  29.8  6720
17:22:20  18939  22.37  22.25  682.7  29.8  6960
17:22:32  18939  22.37  22.25  684.1  29.8  7320
17:22:44  GUEST GONE
W/libc    (18939): malloc(4194304) failed: returning null pointer
W/libc    (18939): malloc(1708308) failed: returning null pointer
I/zbridge (18939): guest SIGSEGV: write of 0x00000000, pc 0xfdaea5d8
